Acela 238.5 159.3 79.2 237.6 1,260.5 365.6 257.8 1.1 3,004.0
Northeast Regional 411.5 345.5 66.0 399.9 5586.7 1,251.4 854.0 2.5 7,297.4
Ethan Allen Express 7.0 3.9 3.1 1.2 35.8 14.4 3.8 0.0 152.5
Vermonter 3.7 5.1 (1.4) 1.5 47.2 20.6 5.0 0.1 111.9
Maple Leaf 17.6 18.7 (1.0) 8.5 183.8 95.4 34.1 0.3 671.7
Downeaster 7.7 9.5 (1.8) 5.1 211.2 47.6 18.2 0.2 1,446.0
Amtrak Hartford Line 8.9 18.5 (9.6) 3.6 182.1 37.8 11.5 0.2 2,045.4
Keystone 14.8 35.1 (20.3) 13.4 581.6 119.7 34.1 0.3 1,968.1
Empire Service 30.2 43.7 (13.5) 38.1 528.1 132.4 88.1 0.4 2,021.3
Borealis 6.3 8.3 (2.0) 4.1 80.2 25.6 18.9 0.1 300.0
Lincoln Service Missouri River Runner 20.6 19.7 0.9 9.9 299.1 90.5 45.7 0.3 989.4
Hiawatha 9.8 11.7 (2.0) 6.8 239.2 37.1 19.3 0.2 1,760.0
Michigan Services 16.0 20.0 (4.0) 11.0 202.2 69.4 36.9 0.2 792.0
Illinois Services 10.8 11.0 (0.2) 4.2 180.1 63.9 19.3 0.2 1150.0
Heartland Flyer 3.6 3.9 (0.3) 0.9 27.9 10.2 5.0 0.1 294.0
Pacific Surfliner 56.2 61.3 (5.1) 31.2 915.2 329.0 97.8 0.7 3,554.0
Amtrak Cascades 33.1 39.9 (6.8) 15.2 352.9 92.3 51.4 0.5 2,084.1
Capitol Corridor 21.6 27.9 (6.3) 12.5 537.1 148.0 38.9 0.4 3,791.0
Gold Runner 19.8 34.1 (14.2) 14.0 368.7 260.8 53.9 0.6 1,836.0
Adirondack 6.0 6.3 (0.3) 1.3 30.5 18.6 5.4 0.1 218.9
Blue Water 6.7 8.5 (1.8) 3.3 64.2 30.5 12.2 0.1 283.0
Pennsylvanian 7.6 9.5 (1.9) 5.3 96.5 31.7 19.6 0.1 237.1
Amtrak Mardi Gras Service 7.2 8.1 (0.9) 2.2 60.4 13.0 8.0 0.1 602.0
Carolinian 9.0 10.5 (1.5) 6.8 130.5 42.2 28.5 0.1 200.2
Piedmont 5.2 6.2 (1.0) 3.7 174.0 43.6 20.4 0.2 1,188.0
Cardinal 4.0 13.6 (9.6) 3.9 36.0 23.7 12.7 0.1 126.0
Silver Meteor / Palmetto 23.3 40.2 (16.9) 23.0 281.0 134.1 80.0 0.4 298.0
Empire Builder 23.6 52.9 (29.3) 23.0 142.5 217.8 91.5 0.8 583.0
Capitol Limited (0.0) 0.4 (0.4) - 0.0 0.0 0.0 0.0 0.0
California Zephyr 30.2 60.2 (30.0) 29.2 168.4 167.3 98.5 0.7 381.0
Southwest Chief 21.5 54.6 (33.1) 21.1 111.7 168.7 94.4 0.7 301.0
City of New Orleans 9.8 20.2 (10.4) 9.5 95.5 71.4 36.8 0.3 285.0
Floridian 27.1 59.9 (32.8) 26.6 233.4 189.7 102.9 0.6 292.0
Texas Eagle 14.4 28.8 (14.4) 13.8 149.7 96.9 63.0 0.4 292.0
Sunset Limited 6.9 24.0 (17.1) 6.5 41.0 66.9 27.5 0.2 130.0
Coast Starlight 22.4 39.9 (17.5) 21.3 160.8 112.6 72.8 0.4 301.0
Lake Shore Limited 16.7 32.9 (16.1) 16.7 142.1 96.7 56.2 0.3 462.0
Crescent 17.7 35.6 (17.9) 17.3 132.4 96.4 49.8 0.4 296.0
Auto Train 51.7 47.2 4.5 52.9 107.6 160.3 92.0 0.3 296.0